x	y
66	531
88	485
129	691
113	720
250	660
45	448
81	436
38	331
26	318
21	312
72	303
79	316
87	329
96	317
223	487
223	471
217	457
232	460
240	461
256	463
272	467
262	478
274	478
276	491
289	496
312	515
304	469
262	421
220	423
234	402
240	384
250	350
262	305
235	297
241	249
231	219
219	208
313	124
319	113
321	105
351	116
317	41
332	37
335	57
343	54
371	468
384	470
401	450
405	421
418	426
429	397
431	371
438	354
419	353
425	332
408	326
325	352
340	344
344	337
370	326
380	312
382	296
408	306
435	314
450	318
446	324
442	334
442	343
446	374
462	383
449	358
454	362
460	366
469	367
460	349
470	353
477	346
461	337
484	330
488	313
484	303
459	304
466	300
482	291
500	281
489	271
511	271
515	285
540	257
533	298
528	312
516	313
534	314
539	310
548	309
351	185
356	172
363	181
368	174
365	191
377	196
380	204
386	207
393	188
393	202
400	197
410	191
422	188
432	182
431	207
415	218
413	209
397	214
386	220
392	225
402	222
406	239
422	225
432	235
431	223
442	220
451	225
404	273
416	257
425	252
434	248
443	246
453	239
462	234
467	230
479	226
432	278
442	272
450	268
449	279
455	263
459	268
465	264
475	260
481	254
491	247
500	240
510	235
518	229
485	215
476	212
488	203
530	224
537	219
552	215
580	216
556	207
506	217
506	207
517	214
514	199
526	204
539	197
553	193
566	187
575	186
565	180
580	179
587	176
594	176
603	171
525	166
540	162
557	162
573	160
593	155
605	146
627	137
636	131
643	127
652	121
671	79
673	99
785	34
792	15
617	166
620	174
628	172
627	163
635	170
637	158
644	162
647	167
644	154
651	158
657	155
667	150
663	151
652	146
658	143
667	138
680	139
692	134
695	130
703	132
716	127
722	120
730	118
743	115
660	120
666	118
676	119
672	112
686	106
684	113
696	109
714	103
698	101
719	81
741	84
722	102
743	99
756	99
760	83
802	105
789	103
823	103
828	93
816	91
801	98
793	85
817	81
869	14
863	38
875	39
867	58
863	70
896	58
907	63
891	69
905	73
899	81
889	81
918	87
882	98
893	109
893	117
865	117
873	117
879	117
886	117
900	124
907	123
917	124
910	138
980	128
917	175
904	148
891	168
874	164
857	159
863	149
855	143
870	128
890	131
846	177
847	207
894	216
794	127
783	131
790	138
798	139
802	132
805	146
807	138
812	134
816	143
784	153
794	157
801	163
798	173
790	170
779	161
766	169
776	173
785	180
786	192
780	186
771	181
763	178
733	190
740	198
744	187
755	188
750	195
746	201
754	207
762	192
770	198
762	210
776	208
830	170
752	126
743	132
732	136
726	142
720	143
712	148
707	152
691	153
688	164
676	161
674	171
667	169
664	177
656	170
652	181
633	186
637	197
647	194
616	199
626	203
631	209
608	214
616	220
616	236
607	229
596	223
595	235
597	266
593	279
582	301
578	267
579	283
581	258
584	325
508	336
507	347
520	340
528	335
535	331
542	330
547	328
560	325
569	323
568	332
558	335
527	345
538	342
545	338
458	475
462	469
470	449
469	499
471	491
476	484
479	478
482	469
485	451
474	435
492	426
494	415
498	382
501	400
507	388
516	380
526	372
512	364
527	353
538	363
551	354
597	347
586	351
578	356
575	361
571	358
578	370
569	380
567	372
561	368
565	365
555	377
549	381
538	387
550	391
560	383
530	396
535	401
544	397
534	408
527	403
521	409
531	413
525	420
514	432
522	431
512	450
515	441
509	459
502	465
501	472
496	481
501	500
508	487
511	481
512	474
517	468
526	454
531	447
536	438
538	430
546	418
562	400
572	395
578	386
590	383
605	383
603	371
605	366
609	356
611	346
606	335
607	319
621	330
625	368
632	324
645	329
653	331
659	331
649	337
635	344
623	345
635	350
625	358
635	359
643	350
651	350
647	356
645	363
638	373
639	381
630	377
621	388
633	387
612	407
592	406
595	419
604	421
592	425
604	427
602	435
587	430
580	450
601	450
589	456
576	456
586	462
588	469
573	465
572	471
584	474
521	512
535	514
536	525
536	537
507	540
477	553
419	544
437	561
446	570
431	609
423	624
535	620
552	615
561	647
579	638
528	594
542	593
546	577
554	582
562	582
522	565
536	556
559	560
569	559
582	573
589	570
597	568
595	584
604	579
607	592
612	598
614	607
621	619
622	627
633	638
635	642
639	649
628	655
639	657
641	665
654	674
654	683
648	686
648	693
655	692
663	689
662	700
656	702
668	708
682	688
677	681
687	683
678	673
673	666
669	661
661	654
651	630
665	640
669	648
675	652
687	659
698	665
712	673
715	664
720	654
728	636
736	687
753	692
740	675
739	669
741	661
744	654
747	647
717	629
708	625
699	635
702	620
687	625
687	615
660	609
664	574
675	556
638	562
638	586
636	598
568	525
579	524
583	534
568	542
567	518
584	508
568	507
588	492
576	483
574	493
561	430
561	440
557	448
554	463
548	471
546	474
546	481
540	488
622	556
603	532
618	523
609	523
605	526
633	527
628	534
672	541
642	510
632	510
613	491
607	502
607	508
603	514
628	440
585	441
633	450
623	446
623	452
630	458
624	465
642	474
637	481
644	488
650	489
660	491
666	494
675	500
681	504
684	496
665	483
694	480
689	470
685	476
681	475
685	468
671	470
674	465
662	466
654	463
662	459
631	416
637	416
644	419
637	423
671	432
677	436
687	439
694	444
700	449
705	449
737	464
745	468
749	472
757	473
766	479
772	483
664	377
670	371
682	385
702	395
716	395
724	402
734	401
741	392
732	388
746	381
736	381
741	372
720	353
718	359
715	367
723	374
711	377
705	382
690	366
698	366
705	356
696	354
680	360
675	350
684	347
682	336
691	336
693	327
699	332
696	346
739	324
748	323
754	334
747	338
738	343
732	337
742	349
746	352
748	355
751	360
759	365
771	369
763	361
754	348
766	353
775	359
785	364
792	367
685	591
696	594
687	585
691	581
703	589
710	594
705	600
718	607
734	614
724	601
739	609
746	600
744	590
738	589
784	628
701	569
709	573
716	575
722	581
736	579
727	577
723	568
710	564
701	561
705	556
712	559
774	586
780	576
760	565
752	565
741	561
734	554
721	551
708	547
703	511
707	521
714	511
722	516
719	525
725	532
730	521
736	525
731	533
738	535
745	538
749	538
744	528
760	546
769	549
774	556
784	561
789	570
795	562
800	558
794	546
801	551
807	543
801	538
812	539
804	531
787	536
773	541
777	531
768	528
775	522
782	527
791	523
798	524
807	523
813	528
825	527
800	494
791	493
708	489
722	496
739	496
735	502
744	507
758	512
762	506
753	500
725	432
741	438
753	444
757	449
768	459
770	452
782	462
787	466
800	467
810	473
820	481
823	472
824	469
828	461
830	456
841	449
850	436
823	431
813	436
801	440
790	434
775	429
775	445
766	440
751	432
741	426
744	418
755	421
747	410
759	410
754	396
811	370
822	375
837	371
848	383
858	399
779	417
784	417
795	424
608	304
617	302
629	304
634	309
644	309
652	309
667	312
676	295
679	287
683	278
672	287
655	297
646	299
622	292
628	280
644	281
644	293
656	277
656	286
646	270
624	269
635	265
623	264
635	258
631	250
635	246
638	235
641	227
648	218
651	224
656	217
657	209
664	207
667	202
675	198
689	192
679	192
684	188
688	184
699	184
716	182
705	176
715	171
725	165
746	160
728	171
737	155
745	151
756	145
722	204
709	211
700	212
691	216
679	221
649	253
652	246
657	241
669	235
680	235
696	232
706	226
755	230
697	246
687	257
679	247
674	256
669	260
659	269
690	261
696	306
697	298
699	288
699	282
703	274
707	263
711	257
718	304
719	297
724	288
728	281
739	273
743	266
750	261
755	259
762	254
769	248
777	244
781	238
